Id,Prediction
18000,0
18001,1
18002,0
18003,0
18004,0
18005,0
18006,0
18007,0
18008,1
18009,0
18010,0
18011,1
18012,0
18013,0
18014,0
18015,0
18016,0
18017,0
18018,1
18019,1
18020,0
18021,0
18022,0
18023,0
18024,0
18025,0
18026,0
18027,1
18028,0
18029,0
18030,0
18031,1
18032,1
18033,0
18034,0
18035,1
18036,0
18037,0
18038,0
18039,0
18040,1
18041,1
18042,1
18043,0
18044,0
18045,1
18046,1
18047,1
18048,0
18049,0
18050,0
18051,1
18052,1
18053,0
18054,1
18055,1
18056,1
18057,1
18058,0
18059,0
18060,0
18061,0
18062,1
18063,0
18064,0
18065,1
18066,0
18067,0
18068,1
18069,0
18070,1
18071,0
18072,1
18073,0
18074,0
18075,0
18076,1
18077,0
18078,0
18079,0
18080,1
18081,0
18082,0
18083,0
18084,1
18085,0
18086,0
18087,1
18088,0
18089,1
18090,0
18091,1
18092,0
18093,0
18094,1
18095,0
18096,0
18097,1
18098,1
18099,0
18100,0
18101,0
18102,1
18103,0
18104,0
18105,1
18106,1
18107,0
18108,1
18109,0
18110,0
18111,1
18112,0
18113,0
18114,0
18115,0
18116,0
18117,0
18118,0
18119,0
18120,0
18121,1
18122,1
18123,0
18124,1
18125,1
18126,1
18127,1
18128,0
18129,1
18130,1
18131,0
18132,1
18133,0
18134,0
18135,0
18136,0
18137,0
18138,0
18139,1
18140,1
18141,0
18142,0
18143,1
18144,0
18145,0
18146,1
18147,0
18148,0
18149,0
18150,0
18151,0
18152,0
18153,0
18154,0
18155,1
18156,0
18157,1
18158,1
18159,0
18160,0
18161,1
18162,0
18163,0
18164,0
18165,1
18166,0
18167,1
18168,0
18169,1
18170,1
18171,0
18172,1
18173,0
18174,0
18175,0
18176,0
18177,0
18178,1
18179,0
18180,1
18181,0
18182,0
18183,0
18184,0
18185,0
18186,0
18187,0
18188,0
18189,0
18190,0
18191,0
18192,0
18193,0
18194,0
18195,0
18196,0
18197,0
18198,1
18199,1
18200,0
18201,0
18202,0
18203,0
18204,0
18205,1
18206,0
18207,0
18208,1
18209,0
18210,0
18211,0
18212,0
18213,0
18214,0
18215,1
18216,1
18217,0
18218,0
18219,0
18220,1
18221,0
18222,1
18223,1
18224,0
18225,0
18226,0
18227,0
18228,0
18229,1
18230,1
18231,0
18232,1
18233,1
18234,1
18235,0
18236,0
18237,1
18238,1
18239,0
18240,0
18241,0
18242,1
18243,0
18244,0
18245,0
18246,0
18247,0
18248,0
18249,0
18250,0
18251,1
18252,0
18253,0
18254,0
18255,0
18256,1
18257,1
18258,0
18259,0
18260,1
18261,1
18262,0
18263,0
18264,0
18265,0
18266,0
18267,0
18268,0
18269,0
18270,0
18271,1
18272,1
18273,1
18274,0
18275,1
18276,0
18277,1
18278,0
18279,0
18280,1
18281,0
18282,0
18283,0
18284,1
18285,0
18286,0
18287,0
18288,0
18289,0
18290,1
18291,1
18292,0
18293,1
18294,1
18295,1
18296,0
18297,1
18298,0
18299,1
18300,0
18301,1
18302,1
18303,0
18304,1
18305,0
18306,0
18307,0
18308,0
18309,0
18310,0
18311,1
18312,0
18313,1
18314,0
18315,0
18316,0
18317,1
18318,0
18319,1
18320,0
18321,0
18322,0
18323,1
18324,0
18325,0
18326,1
18327,0
18328,1
18329,0
18330,1
18331,0
18332,1
18333,0
18334,0
18335,0
18336,0
18337,0
18338,1
18339,1
18340,0
18341,0
18342,1
18343,0
18344,0
18345,1
18346,1
18347,0
18348,1
18349,1
18350,0
18351,1
18352,0
18353,0
18354,0
18355,0
18356,1
18357,0
18358,0
18359,0
18360,0
18361,0
18362,0
18363,1
18364,0
18365,0
18366,0
18367,0
18368,1
18369,0
18370,0
18371,0
18372,0
18373,0
18374,0
18375,0
18376,1
18377,0
18378,1
18379,0
18380,0
18381,0
18382,0
18383,1
18384,0
18385,0
18386,0
18387,0
18388,0
18389,1
18390,1
18391,1
18392,0
18393,1
18394,0
18395,0
18396,0
18397,1
18398,1
18399,0
18400,0
18401,1
18402,0
18403,0
18404,1
18405,0
18406,0
18407,0
18408,1
18409,0
18410,0
18411,0
18412,1
18413,0
18414,1
18415,0
18416,0
18417,1
18418,0
18419,0
18420,0
18421,1
18422,0
18423,1
18424,0
18425,0
18426,0
18427,0
18428,0
18429,1
18430,0
18431,0
18432,1
18433,0
18434,0
18435,1
18436,0
18437,0
18438,0
18439,0
18440,0
18441,1
18442,0
18443,0
18444,0
18445,0
18446,0
18447,1
18448,0
18449,0
18450,1
18451,1
18452,0
18453,0
18454,0
18455,0
18456,1
18457,0
18458,1
18459,1
18460,0
18461,0
18462,1
18463,0
18464,0
18465,0
18466,0
18467,0
18468,0
18469,1
18470,0
18471,0
18472,1
18473,0
18474,0
18475,1
18476,0
18477,1
18478,1
18479,0
18480,1
18481,0
18482,0
18483,0
18484,0
18485,0
18486,1
18487,0
18488,1
18489,0
18490,0
18491,0
18492,0
18493,0
18494,0
18495,0
18496,0
18497,0
18498,1
18499,0
18500,0
18501,0
18502,0
18503,1
18504,1
18505,1
18506,0
18507,1
18508,0
18509,0
18510,0
18511,1
18512,0
18513,0
18514,1
18515,1
18516,0
18517,1
18518,0
18519,1
18520,1
18521,0
18522,0
18523,1
18524,0
18525,0
18526,0
18527,0
18528,1
18529,0
18530,0
18531,0
18532,0
18533,1
18534,0
18535,0
18536,1
18537,1
18538,1
18539,1
18540,0
18541,1
18542,1
18543,0
18544,0
18545,1
18546,0
18547,0
18548,0
18549,0
18550,1
18551,0
18552,1
18553,1
18554,0
18555,0
18556,0
18557,0
18558,0
18559,0
18560,0
18561,1
18562,0
18563,0
18564,0
18565,1
18566,0
18567,1
18568,0
18569,1
18570,0
18571,1
18572,0
18573,1
18574,0
18575,1
18576,0
18577,0
18578,0
18579,1
18580,0
18581,0
18582,0
18583,1
17000,1
17001,1
17002,1
17003,0
17004,0
17005,0
17006,0
17007,1
17008,0
17009,1
17010,1
17011,0
17012,1
17013,1
17014,0
17015,0
17016,1
17017,1
17018,0
17019,0
17020,1
17021,0
17022,0
17023,1
17024,0
17025,0
17026,1
17027,1
17028,1
17029,0
17030,1
17031,1
17032,0
17033,1
17034,0
17035,1
17036,1
17037,0
17038,1
17039,1
17040,1
17041,1
17042,0
17043,1
17044,1
17045,0
17046,1
17047,0
17048,1
17049,1
17050,0
17051,0
17052,0
17053,0
17054,0
17055,0
17056,1
17057,0
17058,1
17059,1
17060,1
17061,0
17062,1
17063,0
17064,1
17065,1
17066,1
17067,1
17068,1
17069,1
17070,1
17071,0
17072,1
17073,1
17074,1
17075,0
17076,1
17077,0
17078,0
17079,0
17080,0
17081,1
17082,1
17083,1
17084,0
17085,0
17086,1
17087,0
17088,1
17089,0
17090,1
17091,1
17092,1
17093,0
17094,1
17095,0
17096,1
17097,1
17098,1
17099,0
17100,0
17101,1
17102,1
17103,0
17104,1
17105,1
17106,1
17107,1
17108,0
17109,0
17110,1
17111,1
17112,0
17113,1
17114,0
17115,1
17116,1
17117,1
17118,1
17119,0
17120,0
17121,1
17122,1
17123,1
17124,0
17125,1
17126,1
17127,1
17128,1
17129,1
17130,1
17131,1
17132,0
17133,0
17134,1
17135,1
17136,0
17137,0
17138,1
17139,1
17140,0
17141,0
17142,0
17143,0
17144,1
17145,1
17146,0
17147,0
17148,1
17149,0
17150,1
17151,0
17152,0
17153,1
17154,0
17155,1
17156,0
17157,0
17158,0
17159,0
17160,1
17161,0
17162,1
17163,1
17164,0
17165,1
17166,0
17167,1
17168,0
17169,1
17170,1
17171,0
17172,0
17173,0
17174,1
17175,1
17176,0
17177,1
17178,1
17179,1
17180,1
17181,1
17182,0
17183,0
17184,0
17185,0
17186,1
17187,1
17188,1
17189,0
17190,0
17191,1
17192,0
17193,1
17194,0
17195,1
17196,1
17197,0
17198,0
17199,0
17200,0
17201,1
17202,1
17203,1
17204,0
17205,1
17206,1
17207,1
17208,0
17209,1
17210,1
17211,0
17212,1
17213,1
17214,0
17215,0
17216,0
17217,0
17218,1
17219,0
17220,1
17221,1
17222,1
17223,0
17224,0
17225,1
17226,1
17227,1
17228,1
17229,0
17230,1
17231,1
17232,1
17233,0
17234,1
17235,1
17236,1
17237,1
17238,1
17239,1
17240,0
17241,1
17242,1
17243,0
17244,0
17245,1
17246,1
17247,1
17248,0
17249,0
17250,0
17251,0
17252,0
17253,0
17254,1
17255,0
17256,1
17257,0
17258,0
17259,0
17260,0
17261,0
17262,0
17263,0
17264,0
17265,0
17266,1
17267,1
17268,1
17269,1
17270,1
17271,1
17272,1
17273,0
17274,1
17275,0
17276,0
17277,0
17278,1
17279,0
17280,1
17281,0
17282,1
17283,1
17284,1
17285,0
17286,1
17287,1
17288,1
17289,1
17290,1
17291,1
17292,0
17293,0
17294,1
17295,0
17296,0
17297,1
17298,0
17299,1
17300,1
17301,0
17302,0
17303,1
17304,0
17305,0
17306,0
17307,1
17308,0
17309,0
17310,1
17311,0
17312,1
17313,0
17314,0
17315,1
17316,1
17317,1
17318,0
17319,1
17320,1
17321,1
17322,1
17323,1
17324,0
17325,1
17326,0
17327,0
17328,0
17329,1
17330,1
17331,1
17332,1
17333,0
17334,0
17335,1
17336,1
17337,0
17338,1
17339,0
17340,1
17341,0
17342,1
17343,0
17344,1
17345,1
17346,1
17347,1
17348,0
17349,1
17350,0
17351,1
17352,1
17353,1
17354,1
17355,1
17356,0
17357,1
17358,1
17359,1
17360,1
17361,1
17362,1
17363,1
17364,0
17365,1
17366,0
17367,1
17368,1
17369,1
17370,1
17371,1
17372,0
17373,0
17374,0
17375,0
17376,1
17377,0
17378,1
17379,1
17380,0
17381,1
17382,1
17383,0
17384,1
17385,1
17386,0
17387,0
17388,0
17389,1
17390,0
17391,0
17392,1
17393,0
17394,0
17395,1
17396,0
17397,0
17398,0
17399,1
17400,1
17401,0
17402,0
17403,1
17404,1
17405,1
17406,1
17407,1
17408,1
17409,0
17410,1
17411,1
17412,0
17413,1
17414,0
17415,1
17416,0
17417,0
17418,0
17419,0
17420,0
17421,1
17422,0
17423,1
17424,1
17425,0
17426,0
17427,0
17428,1
17429,0
17430,1
17431,1
17432,1
17433,0
17434,1
17435,1
17436,1
17437,1
17438,0
17439,0
17440,1
17441,0
17442,0
17443,1
17444,0
17445,1
17446,1
17447,1
17448,0
17449,1
17450,0
17451,1
17452,1
17453,1
17454,1
17455,1
17456,1
17457,1
17458,1
17459,1
17460,0
17461,0
17462,0
17463,1
17464,1
17465,1
17466,1
17467,0
17468,0
17469,1
17470,0
17471,0
17472,1
17473,1
17474,0
17475,1
17476,0
17477,0
17478,1
17479,1
17480,0
17481,1
17482,1
17483,0
17484,1
17485,0
17486,0
17487,0
17488,1
17489,0
17490,0
17491,1
17492,1
17493,1
17494,1
17495,1
17496,1
17497,1
17498,1
17499,1
17500,1
17501,0
17502,1
17503,0
17504,0
17505,1
17506,1
17507,1
17508,0
17509,0
17510,1
17511,0
17512,1
17513,1
17514,1
17515,0
17516,0
17517,0
17518,0
17519,1
17520,1
17521,0
17522,1
17523,1
17524,1
17525,0
17526,1
17527,0
17528,1
17529,0
17530,1
17531,1
17532,1
17533,1
17534,1
17535,1
17536,1
17537,1
17538,1
17539,1
17540,0
17541,0
17542,1
17543,0
17544,1
17545,1
17546,0
17547,0
17548,0
17549,1
17550,1
17551,1
17552,1
17553,0
17554,0
17555,0
17556,0
17557,1
17558,1
17559,0
17560,0
17561,1
17562,1
17563,0
17564,1
17565,0
17566,0
17567,1
17568,1
17569,0
17570,1
17571,1
17572,1
17573,1
17574,0
17575,0
17576,0
17577,0
17578,1
17579,0
17580,0
17581,1
17582,0
17583,1
17584,0
17585,1
17586,1
17587,0
17588,1
17589,1
17590,1
17591,1
17592,1
17593,1
20000,1
20001,1
20002,1
20003,1
20004,1
20005,1
20006,0
20007,1
20008,0
20009,1
20010,1
20011,1
20012,1
20013,0
20014,1
20015,1
20016,1
20017,1
20018,0
20019,1
20020,0
20021,1
20022,1
20023,0
20024,0
20025,1
20026,1
20027,0
20028,1
20029,1
20030,1
20031,1
20032,1
20033,0
20034,0
20035,0
20036,1
20037,0
20038,0
20039,1
20040,1
20041,1
20042,1
20043,1
20044,0
20045,0
20046,1
20047,1
20048,1
20049,1
20050,1
20051,1
20052,1
20053,1
20054,0
20055,1
20056,1
20057,0
20058,1
20059,1
20060,1
20061,0
20062,1
20063,1
20064,1
20065,1
20066,1
20067,1
20068,0
20069,1
20070,0
20071,0
20072,1
20073,0
20074,1
20075,1
20076,1
20077,1
20078,1
20079,1
20080,0
20081,1
20082,1
20083,1
20084,1
20085,1
20086,1
20087,1
20088,1
20089,1
20090,1
20091,1
20092,1
20093,0
20094,1
20095,1
20096,1
20097,1
20098,0
20099,1
20100,1
20101,0
20102,1
20103,1
20104,1
20105,1
20106,1
20107,1
20108,1
20109,0
20110,1
20111,1
20112,0
20113,1
20114,1
20115,1
20116,1
20117,1
20118,0
20119,1
20120,1
20121,1
20122,1
20123,1
20124,1
20125,0
20126,1
20127,1
20128,1
20129,1
20130,1
20131,1
20132,0
20133,1
20134,1
20135,0
20136,1
20137,1
20138,0
20139,0
20140,1
20141,0
20142,1
20143,1
20144,1
20145,0
20146,0
20147,1
20148,1
20149,1
20150,1
20151,1
20152,1
20153,1
20154,1
20155,1
20156,1
20157,1
20158,1
20159,1
20160,1
20161,1
20162,0
20163,1
20164,0
20165,1
20166,1
20167,1
20168,0
20169,1
20170,0
20171,1
20172,1
20173,1
20174,1
20175,0
20176,0
20177,1
20178,1
20179,1
20180,1
20181,0
20182,1
20183,1
20184,1
20185,1
20186,1
20187,0
20188,1
20189,1
20190,1
20191,1
20192,1
20193,0
20194,1
20195,1
20196,0
20197,0
20198,1
20199,1
20200,1
20201,1
20202,1
20203,1
20204,0
20205,1
20206,1
20207,1
20208,1
20209,1
20210,1
20211,1
20212,0
20213,1
20214,0
20215,0
20216,1
20217,0
20218,0
20219,1
20220,1
20221,1
20222,1
20223,1
20224,1
20225,1
20226,1
20227,0
20228,1
20229,1
20230,1
20231,1
20232,1
20233,1
20234,1
20235,1
20236,1
20237,1
20238,1
20239,1
20240,0
20241,1
20242,1
20243,0
20244,1
20245,1
20246,0
20247,1
20248,1
20249,1
20250,1
20251,1
20252,1
20253,1
20254,1
20255,1
20256,0
20257,1
20258,1
20259,1
20260,1
20261,1
20262,0
20263,0
20264,1
20265,0
20266,0
20267,1
20268,1
20269,1
20270,1
20271,1
20272,1
20273,1
20274,1
20275,1
20276,1
20277,0
20278,1
20279,1
20280,1
20281,0
20282,1
20283,1
20284,1
20285,1
20286,0
20287,1
20288,1
20289,1
20290,1
20291,1
20292,1
20293,1
20294,0
20295,0
20296,1
20297,1
20298,1
20299,1
20300,0
20301,1
20302,1
20303,1
20304,1
20305,1
20306,1
20307,1
20308,1
20309,1
20310,1
20311,1
20312,1
20313,0
20314,0
20315,1
20316,1
20317,1
20318,1
20319,1
20320,1
20321,1
20322,0
20323,1
20324,1
20325,1
20326,1
20327,1
20328,1
20329,1
20330,0
20331,1
20332,0
20333,1
20334,0
20335,1
20336,1
20337,0
20338,0
20339,0
20340,1
20341,1
20342,1
20343,1
20344,1
20345,1
20346,1
20347,1
20348,1
20349,0
20350,0
20351,1
20352,1
20353,1
20354,1
20355,1
20356,1
20357,1
20358,1
20359,0
20360,1
20361,1
20362,1
20363,1
20364,1
20365,1
20366,1
20367,0
20368,1
20369,1
20370,1
20371,1
20372,1
20373,1
20374,0
20375,0
20376,1
20377,1
20378,1
20379,1
20380,1
20381,0
20382,1
20383,0
20384,1
20385,1
20386,1
20387,1
20388,1
20389,1
20390,0
20391,0
20392,1
20393,1
20394,0
20395,1
20396,0
20397,1
20398,1
20399,1
20400,1
20401,1
20402,1
20403,0
20404,1
20405,0
20406,0
20407,1
20408,1
20409,1
20410,1
20411,1
20412,1
20413,1
20414,1
20415,1
20416,1
20417,0
20418,1
20419,1
20420,1
20421,1
20422,1
20423,1
20424,0
20425,0
20426,0
20427,1
20428,1
20429,1
20430,0
20431,1
20432,1
20433,0
20434,0
20435,1
20436,0
20437,1
20438,1
20439,1
20440,0
20441,0
20442,1
20443,1
20444,0
20445,1
20446,1
20447,0
20448,0
20449,0
20450,1
20451,0
20452,0
20453,1
20454,1
20455,1
20456,1
20457,0
20458,1
20459,1
20460,1
20461,1
20462,0
20463,1
20464,1
20465,1
20466,1
20467,1
20468,1
20469,0
20470,1
20471,0
20472,1
20473,1
20474,1
20475,1
20476,0
20477,0
20478,1
20479,1
20480,1
20481,1
20482,1
20483,1
20484,1
20485,1
20486,0
20487,1
20488,1
20489,1
20490,1
20491,1
20492,1
20493,1
20494,0
20495,1
20496,1
20497,1
20498,1
20499,1
20500,1
20501,1
20502,1
20503,1
20504,1
20505,1
20506,1
20507,1
20508,1
20509,1
20510,1
20511,1
20512,1
20513,1
20514,0
20515,1
20516,1
20517,0
20518,1
20519,0
20520,1
20521,1
20522,1
20523,1
20524,1
20525,0
20526,0
20527,1
20528,0
20529,1
20530,1
20531,1
20532,1
20533,1
20534,0
20535,0
20536,1
20537,1
20538,1
20539,0
20540,0
20541,1
20542,0
20543,0
20544,0
20545,0
20546,0
20547,0
20548,1
20549,1
20550,1
20551,0
20552,1
20553,1
20554,1
20555,1
20556,1
20557,1
20558,1
20559,1
20560,1
20561,0
20562,1
20563,1
20564,1
20565,0
20566,0
20567,1
20568,1
20569,1
20570,1
20571,0
20572,1
20573,1
20574,0
20575,1
20576,0
20577,1
20578,0
20579,1
20580,1
20581,1
20582,0
20583,1
21000,0
21001,0
21002,0
21003,0
21004,0
21005,1
21006,0
21007,0
21008,0
21009,1
21010,1
21011,0
21012,0
21013,1
21014,1
21015,0
21016,1
21017,0
21018,0
21019,0
21020,0
21021,0
21022,0
21023,0
21024,0
21025,1
21026,0
21027,0
21028,0
21029,0
21030,1
21031,0
21032,1
21033,1
21034,0
21035,0
21036,0
21037,0
21038,0
21039,0
21040,1
21041,0
21042,0
21043,1
21044,0
21045,1
21046,0
21047,0
21048,1
21049,1
21050,0
21051,0
21052,0
21053,1
21054,0
21055,0
21056,0
21057,0
21058,0
21059,0
21060,0
21061,1
21062,1
21063,0
21064,0
21065,0
21066,0
21067,0
21068,0
21069,1
21070,1
21071,0
21072,1
21073,1
21074,1
21075,0
21076,0
21077,0
21078,1
21079,1
21080,0
21081,0
21082,0
21083,0
21084,0
21085,0
21086,0
21087,0
21088,0
21089,0
21090,1
21091,0
21092,0
21093,0
21094,0
21095,0
21096,0
21097,0
21098,0
21099,0
21100,0
21101,1
21102,1
21103,0
21104,0
21105,0
21106,0
21107,1
21108,1
21109,0
21110,1
21111,0
21112,1
21113,0
21114,1
21115,0
21116,0
21117,0
21118,0
21119,1
21120,0
21121,0
21122,1
21123,0
21124,0
21125,1
21126,0
21127,0
21128,1
21129,0
21130,0
21131,1
21132,0
21133,0
21134,0
21135,1
21136,0
21137,1
21138,0
21139,0
21140,1
21141,1
21142,1
21143,1
21144,0
21145,0
21146,1
21147,0
21148,0
21149,0
21150,1
21151,0
21152,0
21153,0
21154,0
21155,0
21156,1
21157,0
21158,0
21159,0
21160,0
21161,1
21162,1
21163,0
21164,0
21165,0
21166,0
21167,0
21168,1
21169,0
21170,0
21171,0
21172,0
21173,0
21174,0
21175,0
21176,0
21177,1
21178,0
21179,0
21180,1
21181,0
21182,0
21183,0
21184,0
21185,0
21186,0
21187,0
21188,0
21189,1
21190,0
21191,0
21192,0
21193,0
21194,0
21195,1
21196,0
21197,0
21198,0
21199,1
21200,0
21201,1
21202,0
21203,1
21204,1
21205,1
21206,0
21207,0
21208,0
21209,0
21210,1
21211,0
21212,1
21213,0
21214,0
21215,1
21216,0
21217,1
21218,1
21219,0
21220,0
21221,1
21222,0
21223,0
21224,0
21225,1
21226,1
21227,0
21228,1
21229,0
21230,1
21231,0
21232,0
21233,0
21234,0
21235,0
21236,0
21237,0
21238,0
21239,1
21240,0
21241,0
21242,1
21243,0
21244,0
21245,1
21246,1
21247,1
21248,0
21249,1
21250,0
21251,0
21252,0
21253,0
21254,0
21255,0
21256,0
21257,0
21258,1
21259,0
21260,0
21261,1
21262,0
21263,0
21264,1
21265,0
21266,0
21267,0
21268,1
21269,0
21270,0
21271,0
21272,0
21273,0
21274,0
21275,1
21276,0
21277,0
21278,0
21279,0
21280,0
21281,0
21282,0
21283,0
21284,0
21285,0
21286,1
21287,0
21288,1
21289,1
21290,0
21291,0
21292,1
21293,1
21294,1
21295,0
21296,0
21297,0
21298,0
21299,0
21300,1
21301,0
21302,1
21303,0
21304,1
21305,0
21306,1
21307,1
21308,0
21309,1
21310,0
21311,1
21312,0
21313,0
21314,0
21315,0
21316,0
21317,0
21318,0
21319,1
21320,0
21321,0
21322,0
21323,0
21324,0
21325,0
21326,1
21327,1
21328,1
21329,0
21330,1
21331,0
21332,1
21333,0
21334,1
21335,0
21336,1
21337,0
21338,0
21339,0
21340,0
21341,0
21342,0
21343,0
21344,0
21345,1
21346,0
21347,1
21348,0
21349,1
21350,1
21351,1
21352,0
21353,0
21354,0
21355,0
21356,0
21357,0
21358,0
21359,1
21360,1
21361,1
21362,0
21363,0
21364,1
21365,0
21366,1
21367,0
21368,0
21369,0
21370,0
21371,0
21372,1
21373,1
21374,0
21375,0
21376,0
21377,1
21378,0
21379,0
21380,0
21381,0
21382,0
21383,0
21384,0
21385,1
21386,0
21387,1
21388,0
21389,0
21390,0
21391,0
21392,0
21393,0
21394,0
21395,0
21396,0
21397,0
21398,1
21399,0
21400,1
21401,0
21402,0
21403,0
21404,0
21405,0
21406,0
21407,0
21408,1
21409,1
21410,0
21411,1
21412,0
21413,0
21414,1
21415,0
21416,0
21417,0
21418,0
21419,0
21420,0
21421,0
21422,1
21423,0
21424,0
21425,0
21426,0
21427,0
21428,1
21429,0
21430,0
21431,0
21432,0
21433,1
21434,0
21435,1
21436,0
21437,0
21438,0
21439,1
21440,0
21441,0
21442,0
21443,1
21444,0
21445,1
21446,1
21447,0
21448,0
21449,0
21450,1
21451,0
21452,1
21453,1
21454,1
21455,1
21456,1
21457,0
21458,0
21459,1
21460,0
21461,1
21462,0
21463,1
21464,1
21465,1
21466,0
21467,0
21468,0
21469,1
21470,0
21471,0
21472,0
21473,0
21474,0
21475,0
21476,0
21477,0
21478,0
21479,0
21480,0
21481,1
21482,1
21483,0
21484,0
21485,0
21486,0
21487,1
21488,0
21489,0
21490,1
21491,0
21492,1
21493,0
21494,0
21495,1
21496,1
21497,0
21498,1
21499,0
21500,0
21501,1
21502,0
21503,0
21504,0
21505,1
21506,0
21507,1
21508,0
21509,0
21510,0
21511,0
21512,0
21513,0
21514,0
21515,0
21516,0
21517,1
21518,0
21519,0
21520,0
21521,1
21522,0
21523,0
21524,1
21525,1
21526,1
21527,1
21528,0
21529,0
21530,0
21531,1
23000,0
23001,0
23002,0
23003,1
23004,0
23005,0
23006,0
23007,0
23008,0
23009,0
23010,0
23011,0
23012,0
23013,0
23014,0
23015,0
23016,0
23017,0
23018,0
23019,0
23020,0
23021,0
23022,0
23023,0
23024,0
23025,0
23026,0
23027,0
23028,0
23029,1
23030,0
23031,1
23032,0
23033,0
23034,0
23035,1
23036,0
23037,0
23038,0
23039,0
23040,0
23041,0
23042,0
23043,0
23044,0
23045,0
23046,0
23047,0
23048,0
23049,0
23050,0
23051,0
23052,0
23053,0
23054,0
23055,0
23056,0
23057,0
23058,0
23059,0
23060,0
23061,0
23062,0
23063,0
23064,0
23065,1
23066,0
23067,0
23068,0
23069,0
23070,0
23071,0
23072,1
23073,0
23074,1
23075,0
23076,0
23077,1
23078,1
23079,1
23080,0
23081,0
23082,0
23083,0
23084,0
23085,0
23086,0
23087,0
23088,0
23089,0
23090,0
23091,0
23092,0
23093,0
23094,0
23095,0
23096,0
23097,0
23098,0
23099,0
23100,0
23101,0
23102,0
23103,0
23104,0
23105,0
23106,0
23107,0
23108,0
23109,0
23110,1
23111,0
23112,0
23113,0
23114,0
23115,0
23116,1
23117,1
23118,0
23119,0
23120,1
23121,0
23122,0
23123,1
23124,0
23125,0
23126,0
23127,0
23128,0
23129,0
23130,0
23131,0
23132,0
23133,0
23134,0
23135,0
23136,0
23137,0
23138,0
23139,0
23140,0
23141,0
23142,0
23143,0
23144,0
23145,0
23146,0
23147,0
23148,0
23149,0
23150,0
23151,0
23152,0
23153,0
23154,0
23155,0
23156,0
23157,0
23158,0
23159,0
23160,1
23161,0
23162,0
23163,0
23164,0
23165,0
23166,1
23167,0
23168,0
23169,0
23170,0
23171,0
23172,0
23173,0
23174,0
23175,0
23176,0
23177,0
23178,0
23179,0
23180,0
23181,0
23182,0
23183,0
23184,0
23185,0
23186,0
23187,0
23188,0
23189,0
23190,0
23191,0
23192,0
23193,0
23194,0
23195,1
23196,1
23197,0
23198,0
23199,0
23200,0
23201,0
23202,0
23203,0
23204,0
23205,0
23206,0
23207,0
23208,0
23209,0
23210,1
23211,0
23212,0
23213,0
23214,0
23215,0
23216,0
23217,1
23218,0
23219,1
23220,0
23221,0
23222,0
23223,0
23224,0
23225,0
23226,0
23227,0
23228,0
23229,0
23230,0
23231,1
23232,0
23233,0
23234,0
23235,0
23236,1
23237,0
23238,0
23239,0
23240,0
23241,0
23242,0
23243,1
23244,1
23245,0
23246,0
23247,0
23248,0
23249,1
23250,0
23251,0
23252,0
23253,0
23254,0
23255,0
23256,0
23257,0
23258,0
23259,0
23260,0
23261,1
23262,1
23263,0
23264,0
23265,1
23266,0
23267,0
23268,0
23269,0
23270,1
23271,0
23272,0
23273,0
23274,0
23275,1
23276,0
23277,0
23278,0
23279,0
23280,0
23281,0
23282,0
23283,0
23284,1
23285,0
23286,0
23287,0
23288,0
23289,0
23290,1
23291,0
23292,0
23293,0
23294,0
23295,0
23296,0
23297,0
23298,0
23299,0
23300,1
23301,0
23302,0
23303,0
23304,0
23305,0
23306,0
23307,1
23308,1
23309,0
23310,0
23311,0
23312,1
23313,0
23314,0
23315,0
23316,0
23317,1
23318,0
23319,0
23320,0
23321,0
23322,0
23323,0
23324,0
23325,0
23326,0
23327,0
23328,0
23329,0
23330,1
23331,1
23332,0
23333,0
23334,0
23335,0
23336,1
23337,0
23338,0
23339,0
23340,0
23341,0
23342,1
23343,0
23344,0
23345,0
23346,1
23347,0
23348,0
23349,0
23350,0
23351,0
23352,0
23353,0
23354,1
23355,0
23356,0
23357,0
23358,0
23359,0
23360,0
23361,0
23362,0
23363,0
23364,0
23365,0
23366,0
23367,0
23368,0
23369,0
23370,0
23371,0
23372,0
23373,0
23374,0
23375,0
23376,0
23377,1
23378,0
23379,1
23380,0
23381,0
23382,0
23383,1
23384,1
23385,0
23386,0
23387,0
23388,0
23389,0
23390,0
23391,1
23392,1
23393,0
23394,0
23395,1
23396,0
23397,0
23398,0
23399,0
23400,0
23401,0
23402,0
23403,0
23404,1
23405,0
23406,0
23407,0
23408,0
23409,0
23410,0
23411,0
23412,0
23413,0
23414,0
23415,0
23416,0
23417,0
23418,0
23419,0
23420,0
23421,0
23422,0
23423,0
23424,0
23425,1
23426,0
23427,0
23428,0
23429,0
23430,0
23431,0
23432,0
23433,0
23434,0
23435,0
23436,0
23437,0
23438,1
23439,0
23440,0
23441,0
23442,1
23443,0
23444,0
23445,0
23446,0
23447,1
23448,0
23449,0
23450,0
23451,0
23452,0
23453,0
23454,0
23455,0
23456,0
23457,0
23458,0
23459,1
23460,0
23461,0
23462,0
23463,0
23464,0
23465,1
23466,0
23467,0
23468,0
23469,1
23470,0
23471,0
23472,0
23473,0
23474,0
23475,0
23476,0
23477,0
23478,0
23479,0
23480,0
23481,0
23482,0
23483,0
23484,0
23485,0
23486,0
23487,0
23488,0
23489,0
23490,0
23491,0
23492,0
23493,0
23494,0
23495,0
23496,0
23497,0
23498,0
23499,0
23500,0
23501,1
23502,0
23503,0
23504,0
23505,0
23506,0
23507,0
23508,0
23509,1
23510,0
23511,0
23512,0
23513,0
23514,0
23515,0
23516,0
23517,0
23518,1
23519,0
23520,0
23521,0
23522,0
23523,1
23524,0
23525,0
23526,0
23527,0
23528,0
23529,0
23530,0
23531,0
23532,1
23533,0
23534,0
23535,0
23536,0
23537,0
23538,0
23539,0
23540,0
23541,1
23542,1
23543,0
23544,0
23545,0
23546,0
23547,0
23548,1
23549,0
23550,0
23551,0
23552,0
23553,0
23554,0
23555,1
23556,0
23557,0
23558,0
23559,0
23560,0
23561,0
23562,0
23563,0
23564,0
23565,0
23566,0
23567,0
23568,1
23569,0
23570,0
23571,0
23572,0
23573,1
23574,1
23575,0
23576,0
23577,0
23578,0
23579,0
23580,0
23581,0
23582,0
23583,0
23584,0
23585,0
23586,0
23587,0
23588,0
23589,0
19000,0
19001,1
19002,1
19003,0
19004,1
19005,1
19006,1
19007,1
19008,1
19009,0
19010,1
19011,0
19012,0
19013,1
19014,1
19015,0
19016,0
19017,1
19018,1
19019,0
19020,1
19021,1
19022,0
19023,0
19024,1
19025,1
19026,1
19027,0
19028,0
19029,1
19030,1
19031,1
19032,0
19033,1
19034,1
19035,1
19036,1
19037,0
19038,0
19039,0
19040,0
19041,0
19042,1
19043,1
19044,0
19045,0
19046,0
19047,0
19048,0
19049,0
19050,0
19051,1
19052,1
19053,0
19054,1
19055,0
19056,0
19057,1
19058,0
19059,1
19060,0
19061,1
19062,0
19063,1
19064,0
19065,0
19066,1
19067,0
19068,1
19069,0
19070,0
19071,0
19072,1
19073,1
19074,0
19075,0
19076,0
19077,1
19078,0
19079,0
19080,0
19081,1
19082,1
19083,0
19084,1
19085,0
19086,1
19087,1
19088,0
19089,1
19090,1
19091,0
19092,0
19093,0
19094,0
19095,1
19096,0
19097,1
19098,0
19099,1
19100,0
19101,1
19102,1
19103,0
19104,1
19105,1
19106,0
19107,0
19108,1
19109,0
19110,1
19111,0
19112,0
19113,0
19114,0
19115,0
19116,1
19117,0
19118,0
19119,1
19120,0
19121,0
19122,0
19123,1
19124,0
19125,0
19126,1
19127,1
19128,1
19129,1
19130,1
19131,0
19132,1
19133,1
19134,0
19135,1
19136,0
19137,0
19138,1
19139,1
19140,0
19141,0
19142,0
19143,1
19144,0
19145,0
19146,0
19147,1
19148,1
19149,1
19150,1
19151,1
19152,1
19153,1
19154,0
19155,1
19156,0
19157,0
19158,1
19159,0
19160,1
19161,0
19162,0
19163,0
19164,0
19165,0
19166,1
19167,0
19168,0
19169,1
19170,1
19171,1
19172,1
19173,0
19174,1
19175,1
19176,1
19177,0
19178,1
19179,0
19180,0
19181,0
19182,0
19183,1
19184,1
19185,0
19186,1
19187,1
19188,1
19189,1
19190,1
19191,0
19192,0
19193,1
19194,0
19195,1
19196,0
19197,1
19198,1
19199,0
19200,0
19201,0
19202,1
19203,0
19204,1
19205,0
19206,1
19207,0
19208,1
19209,0
19210,0
19211,0
19212,1
19213,0
19214,0
19215,1
19216,1
19217,0
19218,0
19219,1
19220,1
19221,0
19222,0
19223,1
19224,1
19225,1
19226,1
19227,1
19228,0
19229,0
19230,0
19231,0
19232,1
19233,0
19234,0
19235,1
19236,0
19237,1
19238,0
19239,0
19240,0
19241,0
19242,0
19243,1
19244,0
19245,0
19246,1
19247,0
19248,1
19249,0
19250,0
19251,1
19252,0
19253,0
19254,0
19255,0
19256,1
19257,1
19258,1
19259,1
19260,1
19261,0
19262,1
19263,0
19264,0
19265,1
19266,1
19267,0
19268,1
19269,0
19270,0
19271,1
19272,1
19273,0
19274,0
19275,0
19276,0
19277,0
19278,0
19279,1
19280,1
19281,0
19282,0
19283,0
19284,0
19285,1
19286,1
19287,0
19288,0
19289,0
19290,1
19291,0
19292,1
19293,0
19294,0
19295,1
19296,1
19297,1
19298,0
19299,0
19300,0
19301,1
19302,1
19303,1
19304,1
19305,1
19306,0
19307,0
19308,1
19309,1
19310,0
19311,0
19312,1
19313,1
19314,0
19315,1
19316,1
19317,1
19318,1
19319,0
19320,1
19321,1
19322,1
19323,0
19324,0
19325,1
19326,0
19327,1
19328,1
19329,0
19330,1
19331,1
19332,0
19333,0
19334,1
19335,1
19336,1
19337,1
19338,0
19339,0
19340,0
19341,1
19342,0
19343,0
19344,1
19345,0
19346,1
19347,0
19348,0
19349,1
19350,0
19351,0
19352,1
19353,0
19354,1
19355,0
19356,1
19357,0
19358,0
19359,1
19360,1
19361,0
19362,0
19363,0
19364,1
19365,0
19366,0
19367,1
19368,0
19369,1
19370,1
19371,1
19372,1
19373,1
19374,1
19375,1
19376,1
19377,0
19378,0
19379,1
19380,0
19381,0
19382,0
19383,0
19384,0
19385,1
19386,1
19387,1
19388,1
19389,0
19390,1
19391,1
19392,0
19393,0
19394,1
19395,0
19396,0
19397,0
19398,0
19399,1
19400,0
19401,0
19402,1
19403,0
19404,1
19405,1
19406,0
19407,0
19408,0
19409,1
19410,1
19411,1
19412,0
19413,1
19414,1
19415,1
19416,0
19417,0
19418,0
19419,1
19420,0
19421,0
19422,0
19423,1
19424,0
19425,1
19426,1
19427,1
19428,0
19429,1
19430,0
19431,0
19432,0
19433,0
19434,0
19435,0
19436,0
19437,1
19438,0
19439,0
19440,0
19441,1
19442,1
19443,1
19444,0
19445,1
19446,1
19447,0
19448,0
19449,0
19450,1
19451,1
19452,1
19453,0
19454,1
19455,1
19456,1
19457,1
19458,1
19459,1
19460,1
19461,1
19462,0
19463,1
19464,1
19465,1
19466,1
19467,1
19468,1
19469,0
19470,1
19471,0
19472,1
19473,0
19474,1
19475,1
19476,0
19477,0
19478,1
19479,1
19480,0
19481,0
19482,0
19483,1
19484,1
19485,1
19486,1
19487,0
19488,0
19489,0
19490,1
19491,0
19492,1
19493,1
19494,1
19495,0
19496,1
19497,1
19498,0
19499,0
19500,0
19501,0
19502,0
19503,1
19504,1
19505,0
19506,1
19507,0
19508,0
19509,0
19510,0
19511,1
19512,0
19513,1
19514,1
19515,0
19516,0
19517,1
19518,1
19519,1
19520,0
19521,1
19522,1
19523,1
19524,1
19525,1
19526,1
19527,1
19528,1
19529,1
19530,0
19531,1
19532,0
19533,1
19534,0
19535,0
19536,1
19537,0
19538,0
19539,1
19540,0
19541,1
19542,0
19543,1
19544,1
19545,1
19546,0
19547,1
19548,0
19549,1
19550,0
19551,1
19552,0
19553,0
19554,1
19555,1
19556,0
19557,0
19558,0
19559,1
19560,1
19561,0
19562,1
19563,0
19564,0
19565,0
19566,1
19567,1
19568,1
19569,1
19570,0
19571,0
19572,1
19573,1
19574,0
19575,1
19576,0
19577,1
19578,1
19579,1
19580,0
19581,0
19582,0
19583,0
19584,1
19585,1
22000,1
22001,1
22002,0
22003,0
22004,0
22005,0
22006,0
22007,0
22008,1
22009,0
22010,0
22011,1
22012,1
22013,1
22014,0
22015,1
22016,0
22017,1
22018,0
22019,1
22020,0
22021,0
22022,0
22023,0
22024,0
22025,0
22026,0
22027,0
22028,0
22029,0
22030,0
22031,1
22032,0
22033,0
22034,0
22035,1
22036,1
22037,0
22038,0
22039,0
22040,1
22041,1
22042,1
22043,0
22044,0
22045,0
22046,0
22047,0
22048,0
22049,0
22050,0
22051,1
22052,0
22053,1
22054,0
22055,0
22056,0
22057,0
22058,0
22059,0
22060,0
22061,0
22062,0
22063,1
22064,0
22065,0
22066,0
22067,0
22068,1
22069,1
22070,1
22071,0
22072,0
22073,1
22074,1
22075,0
22076,1
22077,1
22078,0
22079,1
22080,1
22081,0
22082,1
22083,0
22084,0
22085,1
22086,0
22087,0
22088,1
22089,1
22090,0
22091,0
22092,1
22093,1
22094,0
22095,0
22096,1
22097,1
22098,0
22099,0
22100,0
22101,0
22102,0
22103,0
22104,0
22105,0
22106,0
22107,1
22108,1
22109,0
22110,1
22111,1
22112,0
22113,1
22114,0
22115,0
22116,0
22117,0
22118,0
22119,1
22120,1
22121,0
22122,0
22123,0
22124,1
22125,1
22126,1
22127,1
22128,0
22129,0
22130,0
22131,0
22132,0
22133,1
22134,1
22135,1
22136,0
22137,0
22138,0
22139,0
22140,0
22141,1
22142,0
22143,1
22144,0
22145,0
22146,0
22147,0
22148,0
22149,1
22150,0
22151,0
22152,0
22153,1
22154,0
22155,0
22156,0
22157,0
22158,0
22159,0
22160,0
22161,0
22162,1
22163,0
22164,1
22165,0
22166,1
22167,0
22168,0
22169,1
22170,0
22171,1
22172,0
22173,0
22174,1
22175,0
22176,0
22177,1
22178,1
22179,0
22180,0
22181,0
22182,0
22183,0
22184,1
22185,0
22186,0
22187,1
22188,0
22189,0
22190,0
22191,0
22192,0
22193,0
22194,1
22195,0
22196,0
22197,0
22198,1
22199,0
22200,0
22201,0
22202,0
22203,1
22204,0
22205,1
22206,1
22207,1
22208,1
22209,0
22210,1
22211,1
22212,1
22213,1
22214,0
22215,1
22216,1
22217,0
22218,1
22219,0
22220,1
22221,1
22222,0
22223,0
22224,1
22225,1
22226,0
22227,0
22228,1
22229,0
22230,1
22231,1
22232,0
22233,1
22234,0
22235,1
22236,0
22237,1
22238,0
22239,0
22240,0
22241,0
22242,0
22243,1
22244,1
22245,0
22246,0
22247,0
22248,1
22249,0
22250,0
22251,1
22252,0
22253,1
22254,0
22255,0
22256,1
22257,0
22258,0
22259,1
22260,0
22261,0
22262,1
22263,0
22264,0
22265,1
22266,1
22267,0
22268,0
22269,0
22270,1
22271,1
22272,0
22273,0
22274,0
22275,0
22276,0
22277,1
22278,1
22279,0
22280,1
22281,1
22282,0
22283,1
22284,0
22285,0
22286,1
22287,1
22288,0
22289,0
22290,0
22291,1
22292,0
22293,0
22294,0
22295,0
22296,0
22297,0
22298,0
22299,1
22300,0
22301,0
22302,0
22303,1
22304,0
22305,0
22306,0
22307,0
22308,1
22309,1
22310,1
22311,0
22312,0
22313,0
22314,0
22315,0
22316,1
22317,0
22318,0
22319,1
22320,0
22321,0
22322,0
22323,0
22324,1
22325,0
22326,1
22327,0
22328,0
22329,1
22330,0
22331,0
22332,1
22333,0
22334,0
22335,0
22336,0
22337,1
22338,0
22339,1
22340,0
22341,1
22342,0
22343,1
22344,1
22345,1
22346,1
22347,1
22348,0
22349,0
22350,0
22351,0
22352,1
22353,1
22354,0
22355,0
22356,0
22357,0
22358,0
22359,0
22360,0
22361,1
22362,0
22363,1
22364,0
22365,0
22366,0
22367,0
22368,0
22369,1
22370,0
22371,0
22372,0
22373,1
22374,1
22375,0
22376,1
22377,0
22378,0
22379,1
22380,0
22381,1
22382,1
22383,0
22384,1
22385,1
22386,0
22387,0
22388,0
22389,0
22390,0
22391,0
22392,0
22393,1
22394,0
22395,0
22396,0
22397,0
22398,0
22399,0
22400,0
22401,0
22402,0
22403,0
22404,1
22405,1
22406,1
22407,0
22408,0
22409,0
22410,1
22411,1
22412,0
22413,0
22414,0
22415,1
22416,0
22417,0
22418,0
22419,1
22420,1
22421,1
22422,0
22423,0
22424,1
22425,0
22426,0
22427,0
22428,0
22429,0
22430,0
22431,1
22432,0
22433,1
22434,1
22435,0
22436,1
22437,0
22438,0
22439,1
22440,1
22441,0
22442,1
22443,0
22444,1
22445,0
22446,0
22447,1
22448,0
22449,0
22450,0
22451,0
22452,0
22453,0
22454,0
22455,1
22456,0
22457,1
22458,0
22459,1
22460,0
22461,0
22462,1
22463,1
22464,1
22465,1
22466,0
22467,1
22468,1
22469,1
22470,1
22471,0
22472,1
22473,0
22474,1
22475,0
22476,0
22477,0
22478,0
22479,0
22480,0
22481,0
22482,1
22483,1
22484,1
22485,0
22486,0
22487,0
22488,1
22489,0
22490,0
22491,1
22492,0
22493,0
22494,1
22495,0
22496,0
22497,0
22498,0
22499,0
22500,1
22501,0
22502,0
22503,1
22504,0
22505,0
22506,1
22507,0
22508,0
22509,0
22510,0
22511,1
22512,0
22513,0
22514,0
22515,1
22516,0
22517,0
22518,1
22519,1
22520,0
22521,1
22522,1
22523,0
22524,0
22525,1
22526,0
22527,0
22528,0
22529,0
22530,1
22531,0
22532,1
22533,0
22534,0
22535,0
22536,1
22537,1
22538,1
22539,1
22540,0
22541,0
22542,0
22543,0
22544,0
22545,0
22546,0
22547,0
22548,0
22549,1
22550,0
22551,0
22552,0
22553,1
22554,1
22555,0
22556,1
22557,1
22558,1
22559,0
22560,1
22561,0
22562,0
22563,0
22564,0
22565,0
22566,0
22567,1
22568,1
22569,0
22570,0
22571,0
22572,0
22573,1
22574,0
22575,0
22576,1
22577,0
22578,0
22579,0
22580,0
22581,0
22582,1
22583,1
22584,1
22585,1
22586,1
22587,1
